
entities_filename = 'data/Wordnet/entities.txt'
relations_filename = 'data/Wordnet/relations.txt'
train_data_triplets_filename = 'data/Wordnet/train.txt'
test_data_triplets_filename = 'data/Wordnet/test.txt'
dev_data_triplets_filename = 'data/Wordnet/dev.txt'

d=100                  # the size of the entity vector
K=4                    # the number of slices in the tensor layer  (K=4)
lambd = 0.5         # regularization parameter
C = 2                  # number of corrupted examples
NumberOfThresholdSteps = 100


  num_iter train_cost train_accu  dev_cost    dev_accu regulariza
         0  3.428e+05     0.5022  1.203e+05     0.5109  1.177e+05
         1  2.248e+05     0.6647  1.024e+05     0.5834  1.006e+05
         2  1.863e+05     0.6758  9.907e+04     0.5972  9.708e+04
         3   1.71e+05     0.6824  9.743e+04     0.6023  9.558e+04
         4  1.679e+05     0.6803  9.594e+04     0.6035  9.397e+04
         5  1.534e+05     0.6855  9.323e+04     0.6064  9.136e+04
         6  1.431e+05     0.6922  9.252e+04     0.6012  9.038e+04
         7  1.358e+05     0.7026  9.147e+04     0.6058  8.948e+04
         8  1.303e+05     0.7082  9.049e+04     0.6075  8.835e+04
         9  1.268e+05      0.715  8.964e+04     0.6104  8.758e+04
        10   1.22e+05     0.7223  8.814e+04     0.6102  8.597e+04
        11  1.192e+05     0.7267  8.725e+04     0.6138  8.514e+04
        12  1.146e+05     0.7399  8.534e+04     0.6179  8.314e+04
        13  1.122e+05      0.745  8.463e+04     0.6184  8.245e+04
        14  1.089e+05       0.76  8.273e+04     0.6273  8.051e+04
        15  1.068e+05     0.7691  8.196e+04     0.6326  7.972e+04
        16  1.044e+05     0.7812  8.058e+04     0.6395  7.833e+04
        17  1.021e+05     0.7913  7.934e+04     0.6455  7.706e+04
        18  9.967e+04     0.8024  7.795e+04     0.6535  7.566e+04
        19  9.781e+04     0.8051  7.691e+04     0.6596  7.461e+04
        20  9.565e+04     0.8154  7.548e+04     0.6652  7.316e+04
        21  9.383e+04     0.8185  7.445e+04     0.6734  7.211e+04
        22  9.233e+04     0.8195  7.351e+04     0.6821  7.116e+04
        23  9.098e+04     0.8207  7.264e+04     0.6865  7.028e+04
        24   8.97e+04      0.822  7.178e+04     0.6895  6.942e+04
        25   8.86e+04      0.823  7.108e+04     0.6905  6.871e+04
        26  8.758e+04     0.8233  7.037e+04      0.689    6.8e+04
        27  8.658e+04     0.8212  6.967e+04     0.6899  6.729e+04
        28  8.567e+04     0.8219  6.907e+04     0.6886  6.668e+04
        29  8.481e+04     0.8223  6.847e+04     0.6903  6.608e+04
