Dataset: freebase
lambd 0.01
C = 2
K = 4
threshold = 4


  num_iter train_cost train_accu train_g    train_gc    dev_cost    dev_accu   dev_g      dev_gc   regulariza
         0  6.326e+05        0.5  -0.000128 -1.708e-05  5.934e+03        0.5 -0.0002722 -0.0005358      27.62
         1  3.529e+05        0.5     0.8781    -0.1486  2.915e+03        0.5      1.219     0.4059      27.99
         2  1.197e+05      0.699      3.345    -0.5642  2.008e+03     0.6889      4.031      1.039      29.39
         3  4.145e+04     0.7603      4.595    -0.1294  1.693e+03     0.7158      4.699      1.709      30.37
         4  3.399e+04     0.8014      4.932     0.2936  1.792e+03      0.741       4.98      2.263      30.75
         5  1.718e+04     0.7978      5.129    -0.7279  1.814e+03     0.7335      5.037      2.532      34.03
         6  5.082e+03      0.836      5.672     0.4183  1.786e+03     0.7328      5.057      2.564       34.1
         7  2.508e+03     0.8101      5.824     0.7228  1.772e+03     0.7318      5.068      2.608      34.25
         8  1.747e+03     0.8411      5.774     0.4957   1.77e+03     0.7305       5.07      2.625      34.31
         9  1.411e+03     0.8395       5.76     0.4203  1.771e+03     0.7299      5.072      2.639      34.34
        10  1.252e+03     0.8386      5.752     0.3838   1.77e+03     0.7289      5.073      2.648      34.36
        11  1.157e+03     0.8379      5.748     0.3629   1.77e+03     0.7292      5.073      2.654      34.37
        12  1.095e+03      0.837      5.741     0.3436   1.77e+03     0.7285      5.074      2.661      34.38
        13  1.046e+03     0.8364      5.736     0.3248   1.77e+03     0.7279      5.074      2.664      34.39
        14      998.9     0.8359      5.731      0.311  1.771e+03      0.727      5.074      2.667      34.39
        15      962.5     0.8352      5.725     0.2938  1.771e+03     0.7268      5.073      2.668       34.4
        16      929.8     0.8345      5.721     0.2832  1.772e+03     0.7262      5.072      2.668      34.41
        17      907.8     0.8342      5.717     0.2733  1.772e+03      0.726      5.071      2.668      34.41
        18      893.2      0.834      5.715     0.2673  1.772e+03     0.7255      5.071      2.668      34.41
        19      880.3     0.8337      5.713     0.2613  1.772e+03     0.7252       5.07      2.668      34.41
        20      867.0     0.8335       5.71     0.2549  1.772e+03     0.7249       5.07      2.667      34.42
